Games,Pieces placed,Lines cleared,Duration
500,8569,8,3.0249372760454816
1000,17329,22,6.163666812578837
1500,26152,43,9.330489408969878
2000,35057,69,12.522308194637299
2500,44309,110,15.79251165787379
3000,53559,148,19.084257817268373
3500,62960,195,22.421435618400572
4000,72595,261,25.851603893438973
4500,82525,339,29.359850613276162
5000,92647,449,32.96808712879817
5500,102923,575,36.60572708845139
6000,113482,733,40.353176311651865
6500,124182,909,44.17410125732422
7000,135400,1150,48.055905199050905
7500,146717,1443,51.93109022378921
8000,158320,1723,55.876489166418715
8500,169946,2031,59.871717969576515
9000,182049,2475,63.96181536515554
9500,194740,3067,68.20866181850434
10000,207816,3843,72.49154512882232
10500,221065,4667,76.84315221309662
11000,235347,5758,81.44853570063908
11500,250009,6974,86.18958991765976
12000,265389,8383,91.08138125737509
12500,281247,9997,95.94325588941574
13000,298571,11961,101.13271294434865
13500,315823,13974,106.55243747631708
14000,334824,16496,112.20007188717524
14500,354039,19171,118.12724424997965
15000,373801,22063,124.02108511924743
15500,396330,25937,130.83824384609858
16000,416436,29144,136.80716979900996
16500,439346,33346,143.7207176764806
17000,464960,38309,151.12160427570342
17500,491687,43705,159.04580206473668
18000,520047,49635,167.22176560163498
18500,550507,56369,175.88636322816214
19000,582247,63585,185.07237771749496
19500,614443,71011,194.29698784748715
20000,646857,78779,203.60862443844476
20500,680743,86843,213.1999233762423
21000,721025,97330,224.6412103295326
21500,762912,108415,236.46233266592026
22000,806448,120261,248.79324162006378
22500,852908,133138,261.8820899566015
23000,904361,147951,276.2210735877355
23500,958321,163743,290.98775161504744
24000,1014661,180547,306.8037952701251
24500,1069885,197007,322.1568511088689
25000,1134511,217130,340.05362629095714
25500,1201773,238344,358.6034258643786
26000,1270068,259893,377.436511083444
26500,1346759,284810,398.6351714531581
27000,1428449,311684,421.06556635697683
27500,1520212,342605,446.2344479560852
28000,1608834,372261,470.8723985791206
28500,1709916,406887,498.6953661998113
29000,1820595,445371,529.2214980721474
29500,1934960,485297,560.2574918111166
30000,2054645,527366,593.0588072101275
30500,2165179,565676,623.0178344726562
31000,2304341,615494,660.6000604629517
31500,2446539,666591,699.5032776196798
32000,2594740,720008,739.3827822526296
32500,2743678,773753,780.3802965283394
33000,2918737,837867,827.3450993776321
33500,3093355,901925,874.7592363039653
34000,3294860,976598,928.7879909276962
34500,3489223,1048553,981.5955538034439
35000,3716674,1133695,1042.6851597189902
35500,3973602,1230521,1102.8915697495142
