0,1,2,3,4,5,6,7,8,9,10,11,12,13,14,15,16,17,18,19,20,21,22,23,24,25,26,27,28,29,30,31,32,33,34,35,36,37,38,39,40,41,42,43,44,45,46,47,48,49,50
10,0,0,0,0,0,0,0,0,0,0,0,0,0,0,0,0,0,0,0,0,0,0,0,0,0,0,0,0,0,0,0,0,0,0,0,0,0,0,0,0,0,0,0,0,0,0,0,0,0,0
20,2,3,5,6,1,2,6,1,1,3,3,1,2,2,0,3,4,8,1,2,6,16,11,4,6,2,9,3,4,2,3,2,2,3,2,1,1,9,0,6,2,9,3,2,3,5,4,4,9,1
30,4,3,1,1,6,0,2,8,0,1,5,0,3,2,1,10,6,0,13,3,4,3,18,3,15,4,6,8,12,23,25,3,2,2,7,0,1,12,4,5,3,7,6,13,17,8,2,1,0,0
40,7,13,32,27,48,13,18,18,22,14,28,11,9,40,37,19,22,24,43,17,23,28,15,36,11,21,49,10,40,19,9,5,7,17,28,21,14,19,27,26,37,20,22,51,2,25,44,24,7,38
50,43,21,0,8,12,1,8,13,10,22,3,34,31,5,0,5,20,7,1,0,16,26,25,18,6,5,0,4,43,49,11,15,16,8,3,8,53,37,12,17,49,18,4,12,1,18,18,7,2,22
60,47,10,52,29,26,4,17,3,13,42,14,1,31,20,8,9,35,9,89,1,48,14,28,20,14,44,9,25,80,22,11,14,17,82,8,11,42,17,3,9,46,36,41,8,30,18,50,41,13,83
70,34,12,23,7,17,40,18,29,39,21,2,6,31,34,58,1,23,18,27,31,6,65,17,37,52,11,16,61,37,56,26,35,13,91,20,17,27,69,19,7,32,28,9,8,12,44,5,30,9,44
80,3,26,21,18,11,68,13,18,20,12,13,25,9,73,2,21,29,11,10,9,6,43,11,4,20,13,2,16,36,6,10,9,8,23,6,18,23,15,20,17,10,11,17,70,13,21,23,25,5,26
90,148,478,196,604,215,554,117,784,1925,613,211,411,170,416,30,222,349,72,856,282,98,189,248,537,256,147,534,121,287,596,706,878,354,324,282,176,276,183,1051,116,138,287,287,157,639,202,568,187,50,262
100,29,48,19,15,13,52,29,17,13,24,19,21,16,29,34,27,20,27,25,35,42,37,24,44,39,46,30,60,25,52,23,46,5,30,10,14,20,64,35,31,44,8,38,49,68,32,21,26,6,7
110,67,8,100,28,109,3,9,10,223,3,221,159,86,131,53,16,54,18,49,16,64,45,19,72,15,64,9,70,210,164,78,82,206,148,52,12,29,433,36,134,7,86,146,23,62,2,319,67,25,29
120,1357,1812,38,483,683,1315,98,496,357,202,752,638,926,168,62,770,98,233,792,299,110,44,168,161,44,91,593,1070,259,101,235,142,508,213,719,740,474,853,1100,446,209,1130,1002,26,99,47,162,66,527,967
130,48,23,13,5,37,200,43,1,6,136,128,15,53,130,130,83,24,27,62,101,95,38,49,105,405,99,26,48,61,126,24,47,252,95,9,127,23,7,61,130,94,4,33,59,33,26,24,77,9,43
140,387,88,60,26,18,19,273,42,384,218,189,16,299,17,100,118,73,9,111,30,106,136,300,89,73,53,105,410,325,147,46,18,13,340,111,308,95,189,188,145,28,25,88,85,54,32,627,146,256,351
150,195,645,71,86,399,790,18,186,485,135,273,178,334,605,50,1194,60,42,125,300,16,108,641,180,100,406,259,127,250,365,39,243,180,34,76,142,263,363,497,9,39,193,65,124,134,331,100,643,678,111
160,298,575,121,80,98,949,490,195,135,859,105,135,214,206,167,312,220,457,98,264,1034,205,169,668,146,9,101,565,1393,64,500,377,116,96,68,159,739,195,89,2033,323,181,298,163,44,678,343,543,814,323
170,45,132,879,54,223,33,1292,183,63,283,254,93,164,359,644,182,15,120,29,100,114,98,56,136,171,57,648,289,180,73,91,60,88,350,496,194,105,209,142,215,35,46,544,271,287,38,112,610,281,476
180,43,66,9,19,55,29,257,73,12,125,0,121,34,7,39,160,26,98,38,10,59,94,20,30,219,100,49,111,79,33,52,36,147,35,21,33,7,107,33,18,134,40,168,38,16,1,24,3,36,29
190,101,23,45,48,42,23,11,10,13,27,25,66,79,10,6,61,9,133,26,4,92,39,59,65,53,81,152,118,99,93,39,63,9,60,26,6,67,30,42,87,2,114,36,4,6,64,125,81,7,50
200,284,123,533,108,269,137,318,1089,104,459,75,370,309,1333,568,156,773,328,100,353,313,105,235,468,282,692,320,439,608,335,422,215,161,201,439,713,222,31,595,330,42,276,323,209,389,259,139,161,729,75
210,84,98,554,239,967,160,63,329,370,53,754,545,139,118,275,83,377,328,26,413,111,102,132,503,347,223,391,59,28,593,120,194,213,332,148,376,388,226,1046,792,694,504,112,497,39,51,146,853,63,693
220,65,30,32,72,299,12,278,16,40,395,19,40,5,26,40,48,156,292,290,265,117,62,73,22,48,468,25,185,141,30,12,105,66,36,107,236,67,60,62,223,43,94,138,232,142,216,54,91,42,355
230,315,74,56,195,168,184,68,334,302,224,201,442,861,311,204,121,149,535,279,122,379,112,93,226,702,127,474,138,374,135,243,505,52,69,207,108,190,337,363,130,253,805,156,212,397,163,401,1165,49,82
240,1845,217,324,253,70,544,205,1892,273,1489,541,430,64,1032,280,185,480,783,433,1939,998,100,514,279,172,544,362,739,864,348,236,640,142,150,576,98,2708,3234,432,1030,101,359,1730,1348,337,1745,367,1162,656,1515
250,225,125,104,231,84,309,268,95,77,15,20,203,54,506,376,143,45,55,182,480,336,131,93,106,325,278,149,147,119,399,228,48,179,92,22,242,197,135,253,66,440,155,118,21,181,236,161,99,78,372
260,805,1008,298,42,1170,760,466,314,84,443,188,222,323,49,486,72,252,125,96,220,61,516,1235,1679,53,144,129,294,151,427,68,302,71,201,260,260,31,402,479,408,124,97,100,25,647,57,57,317,459,595
270,24,440,179,853,203,143,152,1107,34,477,44,60,249,191,604,164,705,581,99,87,924,181,44,1117,196,830,67,230,337,13,198,120,786,425,119,98,298,1021,288,925,113,106,253,379,58,484,311,848,436,74
280,67,59,68,149,342,430,34,35,43,22,458,79,71,288,158,137,85,21,184,105,238,56,84,178,101,75,59,163,98,149,189,116,25,224,86,287,155,127,178,122,114,71,131,18,93,266,144,34,117,30
290,19,14,92,528,118,189,266,32,391,326,429,1417,833,379,485,86,52,55,905,299,317,43,371,562,1111,579,426,232,303,502,75,437,319,435,1086,526,8,468,406,160,261,457,52,873,1021,1072,489,47,10,1417
300,164,83,388,25,126,35,72,32,60,131,44,118,86,76,85,131,134,92,226,81,26,13,292,25,100,28,90,113,103,31,130,11,33,56,101,8,45,365,50,291,48,75,112,87,23,69,35,18,39,0
310,60,84,130,384,8,413,40,54,8,304,55,86,311,37,383,298,44,55,284,53,405,68,335,562,324,49,196,466,85,21,78,44,178,191,71,94,65,223,287,216,106,315,210,127,108,495,83,435,229,47
320,41,77,10,27,86,14,38,40,125,47,53,202,164,188,65,124,81,121,272,120,13,40,65,175,22,95,13,33,55,85,68,21,197,117,55,25,99,34,62,19,46,114,95,34,50,51,55,34,5,123
330,417,603,344,218,411,126,78,162,113,1170,234,978,380,45,160,235,69,153,111,457,223,172,411,54,133,82,122,64,616,105,265,69,49,248,28,196,280,109,187,429,82,146,120,258,153,505,130,1039,220,38
340,49,30,25,50,8,27,26,32,53,24,15,35,45,10,21,2,31,4,32,39,0,69,70,7,61,2,9,9,18,27,39,35,46,44,6,11,5,7,61,25,70,55,36,9,58,22,15,59,20,16
350,170,807,57,788,248,282,582,355,47,516,632,781,554,1102,119,386,706,246,675,237,69,155,75,217,237,89,175,365,321,639,90,229,78,854,30,112,99,182,236,225,284,1070,169,804,628,350,267,59,1135,1292
360,72,92,131,268,34,18,178,89,63,134,68,426,51,262,65,15,261,46,32,169,42,131,89,192,62,97,115,74,213,32,27,54,96,7,205,19,278,33,52,159,39,6,203,196,224,46,364,70,68,85
370,645,64,170,109,242,266,794,283,90,28,152,450,166,298,374,577,89,432,360,387,80,155,94,946,225,73,250,45,227,280,36,594,60,61,1041,290,693,479,213,146,295,602,198,600,357,282,451,28,611,45
380,142,138,103,19,62,62,9,174,69,29,27,104,94,206,126,118,167,29,5,94,57,11,175,171,99,286,11,33,69,101,7,32,77,73,93,80,146,206,141,64,24,75,183,63,22,88,122,33,21,69
390,10,608,107,296,853,6,240,221,15,218,103,104,22,381,283,99,164,146,18,233,237,36,91,45,142,73,435,350,181,5,765,157,120,626,85,402,130,216,83,95,123,74,59,55,132,95,131,115,574,258
400,13,496,217,37,103,10,39,28,67,44,144,103,109,29,109,84,45,108,32,133,25,14,188,20,37,4,5,158,15,21,87,50,89,238,281,80,26,61,21,33,106,51,146,10,36,309,89,63,116,37
410,279,109,192,15,92,91,421,44,80,16,80,41,30,56,89,30,206,73,182,91,270,38,264,58,76,25,392,322,11,41,10,170,66,32,4,53,97,30,71,370,18,151,55,175,111,437,127,166,8,325
420,79,30,13,158,122,170,19,127,133,185,6,9,23,32,45,127,119,166,138,48,62,2,43,52,90,110,89,23,128,56,18,135,58,16,20,29,24,19,185,116,14,13,70,23,29,107,193,116,43,25
430,423,145,1786,750,339,972,169,113,261,251,141,239,41,1304,713,291,635,216,1426,342,219,712,917,67,175,293,927,69,69,302,108,151,53,741,1018,1387,645,91,516,154,95,903,462,201,75,376,451,109,675,142
440,17,85,1,62,38,13,192,172,88,1,233,77,50,21,38,114,17,78,269,26,65,31,137,35,179,60,39,23,69,17,17,486,22,29,32,81,172,210,18,50,44,9,8,142,34,18,49,156,40,37
450,542,100,80,14,715,152,209,189,742,29,96,306,183,125,20,96,130,17,201,91,16,233,42,48,19,365,188,31,345,626,558,228,5,253,203,356,302,249,373,193,354,89,10,35,12,20,191,122,56,108
460,65,192,23,55,71,59,47,228,33,5,170,148,88,247,32,60,104,8,244,419,41,93,53,115,7,46,347,36,3,315,300,103,946,89,28,147,135,28,289,440,33,72,245,109,10,127,428,283,313,37
470,222,48,10,4,15,47,58,162,437,16,135,19,41,25,217,29,55,145,287,67,13,244,20,170,240,0,14,103,129,126,19,6,3,267,90,11,123,10,9,22,100,96,200,13,25,98,97,74,57,62
480,223,53,105,140,333,136,315,182,76,148,109,20,83,103,15,47,53,26,89,501,59,56,34,74,80,112,87,303,56,399,46,384,97,70,491,108,249,100,41,79,69,382,334,38,25,118,83,132,67,71
490,8,176,210,125,123,46,62,130,74,144,105,91,230,82,186,61,24,21,188,503,305,147,29,356,1064,36,736,54,65,155,103,110,697,90,39,62,177,53,35,83,36,21,69,276,307,366,103,180,36,240
500,257,193,304,47,224,49,166,178,518,38,222,745,297,150,26,272,208,325,495,399,173,163,291,966,32,47,301,148,113,130,939,117,220,390,153,252,156,282,491,132,308,5,25,1550,68,398,767,168,194,155
510,160,183,459,735,128,59,123,573,326,210,640,143,264,311,35,254,63,63,994,82,1667,223,1005,530,182,389,696,356,76,1121,243,44,79,101,684,267,169,79,15,76,211,303,1280,464,258,322,250,72,499,160
520,600,233,82,800,200,210,667,536,172,303,521,572,872,609,487,149,42,164,525,1083,104,146,556,999,45,208,263,266,120,81,179,84,120,84,907,178,164,369,178,294,447,132,225,840,427,898,554,360,421,66
530,35,532,373,914,194,6,198,195,161,105,29,166,73,66,444,83,52,135,18,95,7,52,288,32,17,144,61,81,48,299,155,37,183,710,838,81,232,24,319,333,117,137,116,343,76,72,440,210,227,329
540,200,41,209,452,794,787,964,324,259,143,474,107,123,214,119,263,420,65,4597,92,457,665,160,389,570,153,295,565,656,500,1355,747,860,49,168,421,123,422,271,376,213,1569,1206,55,38,481,1607,919,96,77
550,248,644,226,52,1412,843,50,83,320,273,150,1049,300,298,84,19,507,302,63,568,697,108,45,511,223,1119,252,382,266,752,1096,55,79,443,261,164,193,1162,437,522,337,24,271,156,180,215,573,234,190,558
560,392,285,295,531,127,655,94,250,191,148,241,108,395,201,299,224,448,36,488,367,412,567,99,47,284,197,105,316,849,941,504,638,146,501,77,464,360,22,219,209,88,367,87,502,51,401,235,309,55,151
570,220,125,363,157,649,74,200,345,406,212,402,527,153,774,634,573,203,2304,285,268,140,147,271,115,1229,216,84,43,892,183,181,135,450,271,1190,21,24,38,77,28,513,185,173,15,279,439,220,72,36,755
580,563,193,68,266,468,650,487,460,71,97,578,235,49,204,96,14,443,616,84,339,148,20,460,519,41,297,455,196,453,70,442,195,56,250,621,84,97,824,364,357,304,397,265,844,54,447,174,304,298,66
590,12,115,92,108,9,14,29,139,23,24,763,138,214,40,85,417,22,72,222,44,26,55,114,148,74,20,50,45,137,51,50,35,239,82,54,96,22,5,256,140,71,94,247,27,182,26,20,72,50,235
600,292,44,1,98,52,45,15,164,105,19,152,118,118,13,38,13,43,76,101,80,72,106,4,77,90,14,50,70,12,97,311,207,238,59,156,9,58,21,122,126,37,35,83,211,106,38,54,141,65,58
610,183,330,521,151,229,522,48,49,170,114,363,278,303,79,55,27,120,100,412,301,325,273,24,104,44,43,272,66,524,15,661,153,142,11,117,50,420,293,168,152,317,43,143,291,169,157,44,339,699,126
620,77,49,323,303,633,476,41,188,231,49,141,1110,825,606,463,240,523,325,249,254,731,443,70,189,107,271,360,92,1659,191,118,82,467,176,82,781,221,68,86,1128,798,325,87,341,1024,293,277,405,640,618
630,266,78,6,329,13,24,418,65,140,136,331,29,405,247,72,151,9,193,21,49,76,212,46,91,149,130,24,8,139,8,111,55,185,119,132,694,208,24,221,43,11,288,82,327,149,26,194,70,42,61
640,956,121,56,959,161,756,728,396,63,222,259,588,296,414,269,189,574,1065,262,600,46,67,310,111,895,318,264,429,382,1716,416,179,1349,173,148,318,536,300,806,384,831,43,54,168,79,77,1231,129,850,133
650,938,183,527,103,332,92,364,690,837,71,215,166,825,86,61,282,421,49,232,122,26,366,409,101,825,148,428,526,33,132,471,323,256,199,471,552,30,421,960,439,155,340,470,975,558,789,218,191,875,569
660,105,169,112,278,120,105,173,513,493,74,379,10,168,84,380,182,77,92,228,1142,184,108,61,285,605,167,54,43,207,34,317,589,211,44,388,192,144,387,52,294,184,383,171,91,240,304,100,93,311,125
670,42,30,97,23,176,113,164,259,45,71,73,232,440,321,66,32,269,123,69,280,27,522,16,59,371,391,242,145,601,582,273,408,33,23,67,602,7,128,813,64,29,84,58,124,343,439,241,204,270,402
680,198,328,136,357,125,592,481,179,253,65,114,228,70,93,133,211,223,169,328,831,69,724,32,474,220,207,86,152,155,526,84,32,341,365,163,97,326,222,973,98,422,113,322,52,619,1374,174,576,420,60
690,742,144,1211,13,520,1168,485,563,216,112,611,451,268,1301,703,761,1035,383,717,1873,738,310,183,1505,188,42,936,478,755,696,484,182,122,156,1529,142,1989,94,1098,300,617,40,1039,362,113,623,460,267,855,2470
700,484,119,243,16,175,44,35,38,25,77,318,208,185,244,34,129,482,128,165,160,98,291,465,544,59,54,203,13,149,365,74,161,31,17,198,219,99,112,876,82,50,169,81,196,121,21,37,154,64,778
710,231,596,50,121,38,626,439,1088,41,951,269,102,473,954,110,102,50,135,113,914,70,111,235,1065,158,169,338,141,918,504,267,236,1161,24,713,75,225,268,187,177,174,202,594,330,129,311,51,488,68,188
720,246,217,66,280,269,68,273,409,100,89,185,186,75,181,428,84,222,56,156,40,583,77,109,392,77,225,98,546,221,73,60,193,48,175,242,233,75,460,318,290,32,288,591,390,71,59,220,44,90,56
