Games,Pieces placed,Lines cleared,Duration
500,8388,3,2.6953959107398986
1000,17122,21,5.486616774400075
1500,25901,36,8.310721973578135
2000,34745,61,11.141011206309
2500,43741,94,14.059011793136596
3000,52870,139,17.025231711069743
3500,62173,186,20.028510626157125
4000,71823,265,23.114547912279765
4500,81552,341,26.205374658107758
5000,91552,435,29.35955381790797
5500,101739,556,32.56473041772843
6000,112235,725,35.8342332760493
6500,122821,899,39.13866037130356
7000,133640,1144,42.494727702935535
7500,144851,1419,45.958240862687425
8000,156195,1740,49.39289472500483
8500,167804,2121,52.90849699576696
9000,180062,2642,56.55109395186106
9500,192701,3276,60.29112487634023
10000,206044,4062,64.16346940994262
10500,220127,5078,68.19070008595784
11000,235203,6373,72.46688725550969
11500,249678,7626,76.63365338643392
12000,266655,9507,81.31408600409826
12500,282945,11271,85.8609583179156
13000,300544,13428,90.62230909268061
13500,320979,16441,96.05123153130214
14000,340185,19102,101.23628060817718
14500,360526,22182,106.69578823248546
15000,381252,25388,112.29870665470759
15500,405191,29708,118.56603955030441
16000,430176,34423,125.17602003415426
16500,456069,39469,131.88639678557715
17000,483853,45220,139.0857196887334
17500,512945,51442,146.61670424143475
18000,541837,57822,154.05822873512903
18500,569862,63793,161.31215132872265
19000,604946,72282,170.2184017777443
19500,632801,78326,177.41136784950893
20000,671162,88149,187.11075416405995
20500,708295,97587,196.41743101676306
21000,749931,108707,206.86590362787246
21500,790122,119339,216.97797504663467
22000,838334,133028,228.94113190174102
22500,885729,146410,240.7991922577222
23000,939696,162304,254.13216664393744
23500,993712,178319,267.4473181962967
24000,1051510,195816,281.8136907060941
24500,1112094,214367,296.6440634171168
25000,1174865,233877,312.1712045033773
25500,1248633,257687,330.2043921152751
26000,1324339,282321,348.6020208756129
26500,1401958,307643,367.48797291119894
27000,1488552,336663,388.62401947577797
27500,1586011,369913,412.2624805132548
28000,1687277,404632,436.36194026470184
28500,1796693,442716,462.6523090879122
29000,1905670,480532,488.8205558300018
29500,2022515,521494,516.80891456604
30000,2142040,563516,545.5850302735964
30500,2257641,604123,573.5656073331833
31000,2397239,654160,606.8920591433842
31500,2550967,709863,643.5239904483159
32000,2727771,774771,685.3641706705093
32500,2912476,842769,728.8603976845741
33000,3126755,922665,779.6036549409231
33500,3310226,990201,822.9722275733948
34000,3533911,1073872,875.5168466846148
34500,3756436,1157125,927.9449166615804
35000,3994427,1246541,983.6641007423401
35500,4248380,1342355,1043.2090996225675
36000,4523088,1446350,1110.353860870997
36500,4786201,1545729,1180.9296885053316
